angle	ws (m/s)	Freq
90	4	0.000438443
90	5	0.000499948
90	6	0.000530553
90	7	0.000531027
90	8	0.000505234
90	9	0.000459214
90	10	0.000400061
90	11	0.000334833
90	12	0.000269675
90	13	0.000209264
90	14	0.000156598
90	15	0.000113088
90	16	7.88524E-05
90	17	5.31084E-05
90	18	3.45621E-05
90	19	2.17388E-05
90	20	1.32176E-05
90	21	7.76998E-06
90	22	4.41659E-06
90	23	2.42769E-06
90	24	1.29053E-06
90	25	6.63482E-07
93	4	0.000440583
93	5	0.000501889
93	6	0.000531966
93	7	0.000531674
93	8	0.000505004
93	9	0.00045813
93	10	0.000398262
93	11	0.000332534
93	12	0.000267122
93	13	0.00020669
93	14	0.000154192
93	15	0.000110977
93	16	7.71027E-05
93	17	5.17305E-05
93	18	3.35278E-05
93	19	2.09967E-05
93	20	1.27079E-05
93	21	7.43421E-06
93	22	4.20423E-06
93	23	2.29862E-06
93	24	1.21508E-06
93	25	6.21041E-07
96	4	0.00043669
96	5	0.000497519
96	6	0.000527436
96	7	0.00052728
96	8	0.000500989
96	9	0.00045466
96	10	0.000395419
96	11	0.000330327
96	12	0.000265501
96	13	0.000205566
96	14	0.000153461
96	15	0.000110536
96	16	7.68601E-05
96	17	5.16143E-05
96	18	3.3485E-05
96	19	2.09918E-05
96	20	1.27191E-05
96	21	7.44955E-06
96	22	4.21819E-06
96	23	2.30932E-06
96	24	1.22245E-06
96	25	6.25727E-07
99	4	0.000428031
99	5	0.000488179
99	6	0.000518224
99	7	0.000518898
99	8	0.000493943
99	9	0.000449221
99	10	0.000391629
99	11	0.000328037
99	12	0.00026444
99	13	0.000205407
99	14	0.000153882
99	15	0.00011126
99	16	7.76803E-05
99	17	5.23933E-05
99	18	3.41489E-05
99	19	2.15141E-05
99	20	1.31039E-05
99	21	7.71745E-06
99	22	4.39538E-06
99	23	2.42107E-06
99	24	1.28984E-06
99	25	6.64663E-07
102	4	0.00041597
102	5	0.000475288
102	6	0.00050564
102	7	0.000507588
102	8	0.000484592
102	9	0.000442177
102	10	0.000386913
102	11	0.000325413
102	12	0.000263501
102	13	0.000205677
102	14	0.000154897
102	15	0.000112631
102	16	7.91153E-05
102	17	5.37073E-05
102	18	3.52465E-05
102	19	2.23676E-05
102	20	1.37287E-05
102	21	8.15104E-06
102	22	4.68189E-06
102	23	2.60192E-06
102	24	1.39914E-06
102	25	7.28022E-07
105	4	0.000401834
105	5	0.000460227
105	6	0.00049096
105	7	0.000494394
105	8	0.00047366
105	9	0.000433901
105	10	0.00038132
105	11	0.000322235
105	12	0.000262277
105	13	0.000205866
105	14	0.000155971
105	15	0.000114141
105	16	8.07253E-05
105	17	5.51986E-05
105	18	3.65038E-05
105	19	2.33533E-05
105	20	1.4456E-05
105	21	8.65964E-06
105	22	5.02063E-06
105	23	2.81749E-06
105	24	1.53053E-06
105	25	8.0485E-07
108	4	0.000386837
108	5	0.000444273
108	6	0.000475383
108	7	0.000480316
108	8	0.000461873
108	9	0.000424812
108	10	0.000374971
108	11	0.000318371
108	12	0.000260451
108	13	0.000205544
108	14	0.000156629
108	15	0.000115326
108	16	8.20916E-05
108	17	5.65159E-05
108	18	3.76428E-05
108	19	2.42628E-05
108	20	1.51367E-05
108	21	9.14158E-06
108	22	5.34515E-06
108	23	3.02612E-06
108	24	1.65893E-06
108	25	8.80653E-07
111	4	0.000372042
111	5	0.000428561
111	6	0.00046
111	7	0.000466303
111	8	0.00044996
111	9	0.00041538
111	10	0.000368072
111	11	0.000313794
111	12	0.000257811
111	13	0.000204378
111	14	0.000156472
111	15	0.000115774
111	16	8.28295E-05
111	17	5.7324E-05
111	18	3.83886E-05
111	19	2.48823E-05
111	20	1.56128E-05
111	21	9.48506E-06
111	22	5.57975E-06
111	23	3.17864E-06
111	24	1.75366E-06
111	25	9.37012E-07
114	4	0.000358372
114	5	0.000414094
114	6	0.000445803
114	7	0.000453241
114	8	0.000438633
114	9	0.000406102
114	10	0.000360895
114	11	0.000308564
114	12	0.000254242
114	13	0.000202122
114	14	0.00015518
114	15	0.000115136
114	16	8.25963E-05
114	17	5.73141E-05
114	18	3.84809E-05
114	19	2.50043E-05
114	20	1.57271E-05
114	21	9.5765E-06
114	22	5.64588E-06
114	23	3.22297E-06
114	24	1.78158E-06
114	25	9.53648E-07
117	4	0.000346639
117	5	0.000401778
117	6	0.000433702
117	7	0.000441968
117	8	0.000428589
117	9	0.000397486
117	10	0.000353741
117	11	0.000302785
117	12	0.000249678
117	13	0.000198586
117	14	0.000152482
117	15	0.000113106
117	16	8.10897E-05
117	17	5.62115E-05
117	18	3.76868E-05
117	19	2.44431E-05
117	20	1.5339E-05
117	21	9.31457E-06
117	22	5.47386E-06
117	23	3.11326E-06
117	24	1.71374E-06
117	25	9.13037E-07
120	4	0.000337611
120	5	0.000392476
120	6	0.000424576
120	7	0.000433292
120	8	0.000420495
120	9	0.000390014
120	10	0.000346887
120	11	0.000296537
120	12	0.00024404
120	13	0.000193573
120	14	0.000148118
120	15	0.000109402
120	16	7.80382E-05
120	17	5.37788E-05
120	18	3.58139E-05
120	19	2.30524E-05
120	20	1.43439E-05
120	21	8.62869E-06
120	22	5.01859E-06
120	23	2.82223E-06
120	24	1.53457E-06
120	25	8.0679E-07
123	4	0.00033185
123	5	0.000386826
123	6	0.000419068
123	7	0.000427794
123	8	0.000414815
123	9	0.000383998
123	10	0.000340487
123	11	0.000289838
123	12	0.00023724
123	13	0.000186936
123	14	0.000141916
123	15	0.000103865
123	16	7.33162E-05
123	17	4.99303E-05
123	18	3.28144E-05
123	19	2.08148E-05
123	20	1.27448E-05
123	21	7.53324E-06
123	22	4.29863E-06
123	23	2.36801E-06
123	24	1.25932E-06
123	25	6.46509E-07
126	4	0.000329078
126	5	0.000384504
126	6	0.000416846
126	7	0.000425164
126	8	0.00041129
126	9	0.000379255
126	10	0.000334456
126	11	0.000282709
126	12	0.000229408
126	13	0.000178906
126	14	0.000134192
126	15	9.6864E-05
126	16	6.73136E-05
126	17	4.50473E-05
126	18	2.90365E-05
126	19	1.80294E-05
126	20	1.07848E-05
126	21	6.21501E-06
126	22	3.45043E-06
126	23	1.84541E-06
126	24	9.50773E-07
126	25	4.71843E-07
129	4	0.000328875
129	5	0.000385019
129	6	0.000417391
129	7	0.000424908
129	8	0.000409496
129	9	0.000375477
129	10	0.000328631
129	11	0.000275153
129	12	0.000220715
129	13	0.000169798
129	14	0.00012537
129	15	8.88859E-05
129	16	6.05338E-05
129	17	3.96083E-05
129	18	2.49031E-05
129	19	1.50464E-05
129	20	8.73623E-06
129	21	4.87439E-06
129	22	2.61335E-06
129	23	1.34623E-06
129	24	6.66255E-07
129	25	3.16749E-07
132	4	0.00033086
132	5	0.000387916
132	6	0.000420218
132	7	0.000426556
132	8	0.000409033
132	9	0.000372377
132	10	0.000322878
132	11	0.000267207
132	12	0.000211364
132	13	0.00015996
132	14	0.000115896
132	15	8.04253E-05
132	16	5.34689E-05
132	17	3.40612E-05
132	18	2.07921E-05
132	19	1.21623E-05
132	20	6.8169E-06
132	21	3.66082E-06
132	22	1.88338E-06
132	23	9.28114E-07
132	24	4.38029E-07
132	25	1.97956E-07
135	4	0.000334634
135	5	0.000392721
135	6	0.000424828
135	7	0.000429646
135	8	0.000409533
135	9	0.000369734
135	10	0.000317154
135	11	0.000259013
135	12	0.000201663
135	13	0.00014982
135	14	0.000106268
135	15	7.19899E-05
135	16	4.65866E-05
135	17	2.88007E-05
135	18	1.70095E-05
135	19	9.59606E-06
135	20	5.17075E-06
135	21	2.66075E-06
135	22	1.30726E-06
135	23	6.13108E-07
135	24	2.74429E-07
135	25	1.17203E-07
138	4	0.000339737
138	5	0.000398899
138	6	0.000430684
138	7	0.000433717
138	8	0.000410684
138	9	0.000367432
138	10	0.000311557
138	11	0.000250866
138	12	0.000192058
138	13	0.000139912
138	14	9.70331E-05
138	15	6.40819E-05
138	16	4.03039E-05
138	17	2.41406E-05
138	18	1.37688E-05
138	19	7.4769E-06
138	20	3.86488E-06
138	21	1.90124E-06
138	22	8.89827E-07
138	23	3.96115E-07
138	24	1.67669E-07
138	25	6.74634E-08
141	4	0.000345616
141	5	0.000405826
141	6	0.000437194
141	7	0.000438317
141	8	0.000412254
141	9	0.000365501
141	10	0.00030637
141	11	0.000243248
141	12	0.000183147
141	13	0.000130859
141	14	8.87621E-05
141	15	5.71665E-05
141	16	3.49584E-05
141	17	2.0296E-05
141	18	1.11852E-05
141	19	5.84977E-06
141	20	2.90252E-06
141	21	1.36588E-06
141	22	6.09403E-07
141	23	2.57686E-07
141	24	1.03231E-07
141	25	3.91653E-08
144	4	0.000351603
144	5	0.000412771
144	6	0.000443708
144	7	0.000443007
144	8	0.00041411
144	9	0.000364135
144	10	0.00030207
144	11	0.000236821
144	12	0.000175658
144	13	0.000123344
144	14	8.20153E-05
144	15	5.1646E-05
144	16	3.0797E-05
144	17	1.73874E-05
144	18	9.2917E-06
144	19	4.69845E-06
144	20	2.24726E-06
144	21	1.0163E-06
144	22	4.34389E-07
144	23	1.75403E-07
144	24	6.68813E-08
144	25	2.40706E-08
147	4	0.000356924
147	5	0.000418909
147	6	0.000449522
147	7	0.000447368
147	8	0.000416206
147	9	0.000363673
147	10	0.000299293
147	11	0.000232384
147	12	0.000170403
147	13	0.000118072
147	14	7.73228E-05
147	15	4.78597E-05
147	16	2.79945E-05
147	17	1.54706E-05
147	18	8.07476E-06
147	19	3.97902E-06
147	20	1.85039E-06
147	21	8.11699E-07
147	22	3.3571E-07
147	23	1.30846E-07
147	24	4.80365E-08
147	25	1.66026E-08
150	4	0.000360733
150	5	0.000423345
150	6	0.000453891
150	7	0.000450975
150	8	0.000418538
150	9	0.000364514
150	10	0.000298743
150	11	0.000230788
150	12	0.00016822
150	13	0.000115747
150	14	7.51959E-05
150	15	4.6123E-05
150	16	2.67057E-05
150	17	1.45925E-05
150	18	7.52213E-06
150	19	3.6564E-06
150	20	1.67522E-06
150	21	7.23073E-07
150	22	2.93879E-07
150	23	1.12411E-07
150	24	4.04453E-08
150	25	1.36811E-08
153	4	0.000362428
153	5	0.000425469
153	6	0.000456341
153	7	0.000453614
153	8	0.000421207
153	9	0.000367059
153	10	0.000301033
153	11	0.000232734
153	12	0.000169782
153	13	0.00011693
153	14	7.60414E-05
153	15	4.66929E-05
153	16	2.70679E-05
153	17	1.48094E-05
153	18	7.64436E-06
153	19	3.72124E-06
153	20	1.70758E-06
153	21	7.38255E-07
153	22	3.00573E-07
153	23	1.15182E-07
153	24	4.15227E-08
153	25	1.40741E-08
156	4	0.000362456
156	5	0.000425885
156	6	0.000457568
156	7	0.000455982
156	8	0.000424835
156	9	0.000371794
156	10	0.000306494
156	11	0.000238407
156	12	0.000175158
156	13	0.000121616
156	14	7.9817E-05
156	15	4.95167E-05
156	16	2.90333E-05
156	17	1.60849E-05
156	18	8.41744E-06
156	19	4.1592E-06
156	20	1.93965E-06
156	21	8.53343E-07
156	22	3.54001E-07
156	23	1.38406E-07
156	24	5.09746E-08
156	25	1.76761E-08
159	4	0.000361553
159	5	0.000425513
159	6	0.000458528
159	7	0.000458927
159	8	0.000430047
159	9	0.000379087
159	10	0.000315255
159	11	0.000247772
159	12	0.000184234
159	13	0.000129681
159	14	8.64353E-05
159	15	5.45561E-05
159	16	3.26058E-05
159	17	1.84483E-05
159	18	9.87894E-06
159	19	5.00503E-06
159	20	2.39819E-06
159	21	1.08633E-06
159	22	4.65E-07
159	23	1.88004E-07
159	24	7.17633E-08
159	25	2.585E-08
162	4	0.000360422
162	5	0.000425213
162	6	0.000460096
162	7	0.000463195
162	8	0.000437368
162	9	0.000389207
162	10	0.000327375
162	11	0.000260758
162	12	0.000196902
162	13	0.000141048
162	14	9.58833E-05
162	15	6.18631E-05
162	16	3.78809E-05
162	17	2.20115E-05
162	18	1.21345E-05
162	19	6.34475E-06
162	20	3.14549E-06
162	21	1.47805E-06
162	22	6.58037E-07
162	23	2.77461E-07
162	24	1.10755E-07
162	25	4.18371E-08
165	4	0.000359658
165	5	0.000425722
165	6	0.000463031
165	7	0.000469444
165	8	0.00044727
165	9	0.000402418
165	10	0.000342941
165	11	0.000277347
165	12	0.000213113
165	13	0.000155702
165	14	0.000108208
165	15	7.15457E-05
165	16	4.50073E-05
165	17	2.69353E-05
165	18	1.53331E-05
165	19	8.30055E-06
165	20	4.27206E-06
165	21	2.08972E-06
165	22	9.71214E-07
165	23	4.28716E-07
165	24	1.79679E-07
165	25	7.14716E-08
168	4	0.0003597
168	5	0.00042762
168	6	0.00046796
168	7	0.000478255
168	8	0.000460213
168	9	0.000419033
168	10	0.000362131
168	11	0.000297624
168	12	0.000232917
168	13	0.000173704
168	14	0.000123509
168	15	8.3747E-05
168	16	5.4158E-05
168	17	3.34013E-05
168	18	1.96437E-05
168	19	1.10145E-05
168	20	5.88689E-06
168	21	2.99832E-06
168	22	1.45484E-06
168	23	6.72308E-07
168	24	2.95797E-07
168	25	1.23866E-07
171	4	0.000360811
171	5	0.000431306
171	6	0.000475368
171	7	0.000490133
171	8	0.000476669
171	9	0.000439445
171	10	0.000385251
171	11	0.00032182
171	12	0.000256496
171	13	0.000195213
171	14	0.000141945
171	15	9.86377E-05
171	16	6.55129E-05
171	17	4.15889E-05
171	18	2.52324E-05
171	19	1.46288E-05
171	20	8.10293E-06
171	21	4.28709E-06
171	22	2.166E-06
171	23	1.04475E-06
171	24	4.80942E-07
171	25	2.11238E-07
174	4	0.000363065
174	5	0.000436995
174	6	0.000485598
174	7	0.000505515
174	8	0.000497121
174	9	0.000464145
174	10	0.000412758
174	11	0.000350336
174	12	0.000284186
174	13	0.000220511
174	14	0.000163756
174	15	0.000116424
174	16	7.92553E-05
174	17	5.16615E-05
174	18	3.22428E-05
174	19	1.92651E-05
174	20	1.10181E-05
174	21	6.03036E-06
174	22	3.15778E-06
174	23	1.58164E-06
174	24	7.57527E-07
174	25	3.46842E-07
177	4	0.000366352
177	5	0.00044472
177	6	0.000498848
177	7	0.000524763
177	8	0.000522066
177	9	0.000493714
177	10	0.000445263
177	11	0.000383758
177	12	0.000316511
177	13	0.00025003
177	14	0.000189282
177	15	0.000137364
177	16	9.55771E-05
177	17	6.37618E-05
177	18	4.0782E-05
177	19	2.50047E-05
177	20	1.46941E-05
177	21	8.27451E-06
177	22	4.46386E-06
177	23	2.3064E-06
177	24	1.14101E-06
177	25	5.40322E-07
180	4	0.000370378
180	5	0.000454325
180	6	0.000515167
180	7	0.000548156
180	8	0.000552006
180	9	0.000528827
180	10	0.000483539
180	11	0.000422872
180	12	0.000354194
180	13	0.000284383
180	14	0.000218994
180	15	0.000161791
180	16	0.000114691
180	17	7.80114E-05
180	18	5.09103E-05
180	19	3.18717E-05
180	20	1.91369E-05
180	21	1.10179E-05
180	22	6.08094E-06
180	23	3.21634E-06
180	24	1.62981E-06
180	25	7.90973E-07
183	4	0.00037453
183	5	0.000465208
183	6	0.00053407
183	7	0.000575419
183	8	0.00058692
183	9	0.000569716
183	10	0.000528022
183	11	0.000468243
183	12	0.000397833
183	13	0.000324121
183	14	0.000253341
183	15	0.000190024
183	16	0.00013679
183	17	9.4498E-05
183	18	6.26411E-05
183	19	3.9836E-05
183	20	2.42976E-05
183	21	1.421E-05
183	22	7.96586E-06
183	23	4.27886E-06
183	24	2.20154E-06
183	25	1.0846E-06
186	4	0.000377662
186	5	0.000475768
186	6	0.000553627
186	7	0.000604472
186	8	0.00062477
186	9	0.000614555
186	10	0.00057721
186	11	0.000518738
186	12	0.000446655
186	13	0.000368766
186	14	0.000292063
186	15	0.000221939
186	16	0.000161819
186	17	0.000113192
186	18	7.59467E-05
186	19	4.88636E-05
186	20	3.01373E-05
186	21	1.78119E-05
186	22	1.00839E-05
186	23	5.46619E-06
186	24	2.83588E-06
186	25	1.4075E-06
189	4	0.000378954
189	5	0.000484638
189	6	0.000571986
189	7	0.000633113
189	8	0.000663192
189	9	0.000661009
189	10	0.00062897
189	11	0.00057254
189	12	0.000499212
189	13	0.000417239
189	14	0.000334401
189	15	0.000257028
189	16	0.000189452
189	17	0.000133886
189	18	9.06902E-05
189	19	5.88597E-05
189	20	3.6587E-05
189	21	2.17714E-05
189	22	1.23962E-05
189	23	6.75012E-06
189	24	3.51341E-06
189	25	1.74706E-06
192	4	0.000378093
192	5	0.000491019
192	6	0.000587841
192	7	0.000659586
192	8	0.0007001
192	9	0.000706826
192	10	0.000681054
192	11	0.000627561
192	12	0.000553683
192	13	0.000468043
192	14	0.000379188
192	15	0.000294427
192	16	0.000219071
192	17	0.000156151
192	18	0.000106583
192	19	6.96318E-05
192	20	4.35187E-05
192	21	2.60046E-05
192	22	1.4848E-05
192	23	8.09591E-06
192	24	4.21277E-06
192	25	2.09071E-06
195	4	0.000375202
195	5	0.000494643
195	6	0.000600437
195	7	0.000682622
195	8	0.000733761
195	9	0.000749926
195	10	0.000731193
195	11	0.00068151
195	12	0.000607913
195	13	0.000519271
195	14	0.000424832
195	15	0.000332873
195	16	0.000249726
195	17	0.000179305
195	18	0.000123154
195	19	8.0867E-05
195	20	5.07325E-05
195	21	3.03876E-05
195	22	1.73656E-05
195	23	9.46131E-06
195	24	4.9108E-06
195	25	2.42639E-06
198	4	0.000370731
198	5	0.000495686
198	6	0.000609521
198	7	0.000701444
198	8	0.000762851
198	9	0.000788486
198	10	0.00077719
198	11	0.000731987
198	12	0.000659479
198	13	0.000568648
198	14	0.000469331
198	15	0.000370708
198	16	0.000280118
198	17	0.000202387
198	18	0.000139727
198	19	9.21163E-05
198	20	5.79449E-05
198	21	3.47511E-05
198	22	1.98534E-05
198	23	1.07954E-05
198	24	5.58218E-06
198	25	2.74247E-06
201	4	0.000365334
201	5	0.000494644
201	6	0.000615251
201	7	0.000715717
201	8	0.000786442
201	9	0.000820983
201	10	0.000816999
201	11	0.000776575
201	12	0.000705792
201	13	0.000613613
201	14	0.000510327
201	15	0.000405905
201	16	0.000308614
201	17	0.000224158
201	18	0.000155424
201	19	0.000102791
201	20	6.47867E-05
201	21	3.88785E-05
201	22	2.21927E-05
201	23	1.20384E-05
201	24	6.19933E-06
201	25	3.02766E-06
204	4	0.000359749
204	5	0.000492194
204	6	0.00061805
204	7	0.000725423
204	8	0.000803941
204	9	0.000846175
204	10	0.000848761
204	11	0.00081292
204	12	0.000744192
204	13	0.000651425
204	14	0.000545214
204	15	0.000436157
204	16	0.000333312
204	17	0.000243153
204	18	0.000169188
204	19	0.000112182
204	20	7.08141E-05
204	21	4.25119E-05
204	22	2.42459E-05
204	23	1.3123E-05
204	24	6.73306E-06
204	25	3.27113E-06
207	4	0.0003547
207	5	0.000489053
207	6	0.000618442
207	7	0.000730703
207	8	0.000814939
207	9	0.000863009
207	10	0.000870774
207	11	0.000838759
207	12	0.000772034
207	13	0.000679283
207	14	0.000571266
207	15	0.000459013
207	16	0.000352159
207	17	0.000257774
207	18	0.000179861
207	19	0.000119509
207	20	7.55396E-05
207	21	4.53711E-05
207	22	2.58655E-05
207	23	1.39795E-05
207	24	7.15455E-06
207	25	3.46313E-06
210	4	0.000350802
210	5	0.000485827
210	6	0.00061686
210	7	0.000731637
210	8	0.000819009
210	9	0.000870455
210	10	0.000881388
210	11	0.000851905
210	12	0.000786751
210	13	0.000694455
210	14	0.000585811
210	15	0.000472051
210	16	0.000363121
210	17	0.000266433
210	18	0.000186291
210	19	0.000123997
210	20	7.84833E-05
210	21	4.71831E-05
210	22	2.69109E-05
210	23	1.45437E-05
210	24	7.43864E-06
210	25	3.5962E-06
213	4	0.000348419
213	5	0.000482883
213	6	0.00061357
213	7	0.000728288
213	8	0.000815911
213	9	0.000867901
213	10	0.000879603
213	11	0.000851009
213	12	0.000786744
213	13	0.000695221
213	14	0.000587151
213	15	0.000473723
213	16	0.000364889
213	17	0.000268103
213	18	0.000187732
213	19	0.000125147
213	20	7.93369E-05
213	21	4.77751E-05
213	22	2.72952E-05
213	23	1.47775E-05
213	24	7.57201E-06
213	25	3.66755E-06
216	4	0.000347403
216	5	0.000480265
216	6	0.000608911
216	7	0.000721349
216	8	0.000806724
216	9	0.000856785
216	10	0.000867139
216	11	0.000837961
216	12	0.000773936
216	13	0.000683411
216	14	0.000576915
216	15	0.000465391
216	16	0.000358532
216	17	0.000263571
216	18	0.000184728
216	19	0.00012331
216	20	7.83135E-05
216	21	4.72673E-05
216	22	2.70815E-05
216	23	1.47116E-05
216	24	7.56844E-06
216	25	3.68284E-06
219	4	0.000347366
219	5	0.000477757
219	6	0.000602989
219	7	0.000711393
219	8	0.000792574
219	9	0.000838816
219	10	0.000846236
219	11	0.0008154
219	12	0.000751182
219	13	0.000661884
219	14	0.000557775
219	15	0.000449388
219	16	0.000345955
219	17	0.000254294
219	18	0.00017832
219	19	0.000119181
219	20	7.58439E-05
219	21	4.59077E-05
219	22	2.64016E-05
219	23	1.44103E-05
219	24	7.45627E-06
219	25	3.65325E-06
222	4	0.00034786
222	5	0.000475041
222	6	0.000595782
222	7	0.000698845
222	8	0.000774448
222	9	0.000815585
222	10	0.000819054
222	11	0.000785935
222	12	0.00072136
222	13	0.000633574
222	14	0.000532509
222	15	0.000428169
222	16	0.000329188
222	17	0.000241839
222	18	0.000169641
222	19	0.000113522
222	20	7.24068E-05
222	21	4.39751E-05
222	22	2.54055E-05
222	23	1.39476E-05
222	24	7.26881E-06
222	25	3.59222E-06
225	4	0.000348471
225	5	0.000471852
225	6	0.000587336
225	7	0.000684205
225	8	0.000753404
225	9	0.000788743
225	10	0.000787787
225	11	0.000752185
225	12	0.000687325
225	13	0.000601363
225	14	0.000503829
225	15	0.000404119
225	16	0.000310194
225	17	0.000227722
225	18	0.000159782
225	19	0.000107071
225	20	6.84661E-05
225	21	4.17409E-05
225	22	2.42402E-05
225	23	1.33967E-05
225	24	7.03932E-06
225	25	3.51335E-06
228	4	0.000348898
228	5	0.000468094
228	6	0.000577903
228	7	0.000668199
228	8	0.000730712
228	9	0.000760108
228	10	0.000754729
228	11	0.000716776
228	12	0.000651858
228	13	0.000567993
228	14	0.000474264
228	15	0.000379426
228	16	0.000290749
228	17	0.000213297
228	18	0.000149716
228	19	0.00010048
228	20	6.4432E-05
228	21	3.94455E-05
228	22	2.30365E-05
228	23	1.28233E-05
228	24	6.7979E-06
228	25	3.42903E-06
231	4	0.000349016
231	5	0.000463919
231	6	0.000568039
231	7	0.000651868
231	8	0.000707923
231	9	0.000731703
231	10	0.000722273
231	11	0.000682322
231	12	0.000617618
231	13	0.000535998
231	14	0.000446085
231	15	0.000356008
231	16	0.000272384
231	17	0.000199715
231	18	0.000140258
231	19	9.4294E-05
231	20	6.06458E-05
231	21	3.72892E-05
231	22	2.19039E-05
231	23	1.22828E-05
231	24	6.57026E-06
231	25	3.35E-06
234	4	0.000348923
234	5	0.000459772
234	6	0.000558627
234	7	0.000636578
234	8	0.000686869
234	9	0.000705741
234	10	0.000692886
234	11	0.000651384
234	12	0.000587102
234	13	0.000507675
234	14	0.000421289
234	15	0.00033551
234	16	0.000256381
234	17	0.000187924
234	18	0.000132072
234	19	8.89527E-05
234	20	5.73831E-05
234	21	3.54346E-05
234	22	2.09322E-05
234	23	1.18213E-05
234	24	6.37807E-06
234	25	3.28541E-06
237	4	0.000348931
237	5	0.000456372
237	6	0.000550853
237	7	0.000623979
237	8	0.000669603
237	9	0.000684569
237	10	0.00066906
237	11	0.000626449
237	12	0.000562648
237	13	0.000485104
237	14	0.000401634
237	15	0.000319342
237	16	0.000243818
237	17	0.000178709
237	18	0.000125704
237	19	8.48166E-05
237	20	5.48701E-05
237	21	3.40159E-05
237	22	2.01966E-05
237	23	1.14781E-05
237	24	6.24022E-06
237	25	3.24339E-06
240	4	0.000349515
240	5	0.000454632
240	6	0.000546099
240	7	0.000615895
240	8	0.000658304
240	9	0.000670591
240	10	0.000653277
240	11	0.000609925
240	12	0.000546469
240	13	0.000470215
240	14	0.000388721
240	15	0.000308774
240	16	0.000235656
240	17	0.000172766
240	18	0.000121633
240	19	8.22036E-05
240	20	5.33073E-05
240	21	3.31536E-05
240	22	1.97653E-05
240	23	1.12894E-05
240	24	6.17444E-06
240	25	3.23174E-06
243	4	0.000351139
243	5	0.000455363
243	6	0.000545531
243	7	0.000613802
243	8	0.000654679
243	9	0.00066564
243	10	0.000647378
243	11	0.00060356
243	12	0.000540139
243	13	0.000464358
243	14	0.000383655
243	15	0.000304672
243	16	0.000232547
243	17	0.000170568
243	18	0.000120191
243	19	8.13357E-05
243	20	5.2838E-05
243	21	3.29361E-05
243	22	1.96902E-05
243	23	1.12839E-05
243	24	6.19548E-06
243	25	3.25735E-06
246	4	0.000353968
246	5	0.000458672
246	6	0.000549144
246	7	0.000617543
246	8	0.000658393
246	9	0.000669206
246	10	0.000650711
246	11	0.00060661
246	12	0.000542881
246	13	0.000466785
246	14	0.00038577
246	15	0.000306482
246	16	0.000234064
246	17	0.000171807
246	18	0.000121174
246	19	8.20902E-05
246	20	5.33962E-05
246	21	3.33331E-05
246	22	1.9961E-05
246	23	1.14608E-05
246	24	6.30596E-06
246	25	3.32324E-06
249	4	0.00035793
249	5	0.000464295
249	6	0.000556435
249	7	0.000626363
249	8	0.00066846
249	9	0.00068012
249	10	0.000661998
249	11	0.00061777
249	12	0.000553448
249	13	0.000476375
249	14	0.000394115
249	15	0.000313448
249	16	0.00023964
249	17	0.000176088
249	18	0.000124325
249	19	8.43127E-05
249	20	5.4898E-05
249	21	3.43049E-05
249	22	2.05629E-05
249	23	1.18174E-05
249	24	6.50795E-06
249	25	3.43259E-06
252	4	0.000362829
252	5	0.000471815
252	6	0.000566744
252	7	0.000639363
252	8	0.00068378
252	9	0.000697147
252	10	0.000679944
252	11	0.000635771
252	12	0.00057067
252	13	0.000492113
252	14	0.000407863
252	15	0.000324933
252	16	0.000248819
252	17	0.000183104
252	18	0.000129453
252	19	8.78961E-05
252	20	5.7291E-05
252	21	3.58312E-05
252	22	2.14922E-05
252	23	1.23572E-05
252	24	6.80681E-06
252	25	3.59019E-06
255	4	0.000368429
255	5	0.000480764
255	6	0.000579349
255	7	0.000655581
255	8	0.000703197
255	9	0.000719006
255	10	0.000703232
255	11	0.000659345
255	12	0.0005934
255	13	0.000513022
255	14	0.000426232
255	15	0.000340354
255	16	0.00026119
255	17	0.000192591
255	18	0.000136405
255	19	9.27626E-05
255	20	6.05441E-05
255	21	3.79066E-05
255	22	2.27551E-05
255	23	1.30896E-05
255	24	7.21137E-06
255	25	3.8028E-06
258	4	0.000374518
258	5	0.000490695
258	6	0.000593543
258	7	0.00067406
258	8	0.000725547
258	9	0.000744401
258	10	0.000730521
258	11	0.000687192
258	12	0.000620459
258	13	0.000538101
258	14	0.000448425
258	15	0.000359115
258	16	0.000276348
258	17	0.000204294
258	18	0.000145038
258	19	9.88468E-05
258	20	6.46381E-05
258	21	4.05359E-05
258	22	2.43657E-05
258	23	1.403E-05
258	24	7.73439E-06
258	25	4.07963E-06
261	4	0.000380956
261	5	0.000501239
261	6	0.000608693
261	7	0.000693902
261	8	0.000749704
261	9	0.000772041
261	10	0.000760442
261	11	0.000717964
261	12	0.000650604
261	13	0.000566276
261	14	0.000473576
261	15	0.000380571
261	16	0.000293843
261	17	0.000217931
261	18	0.000155199
261	19	0.00010608
261	20	6.95568E-05
261	21	4.37293E-05
261	22	2.63442E-05
261	23	1.51992E-05
261	24	8.39286E-06
261	25	4.43287E-06
264	4	0.000387704
264	5	0.000512146
264	6	0.000624285
264	7	0.000714313
264	8	0.00077461
264	9	0.000800665
264	10	0.000791617
264	11	0.000750262
264	12	0.00068251
264	13	0.000596377
264	14	0.000500719
264	15	0.000403978
264	16	0.000313152
264	17	0.000233165
264	18	0.000166695
264	19	0.000114374
264	20	7.52767E-05
264	21	4.74979E-05
264	22	2.87153E-05
264	23	1.6623E-05
264	24	9.20844E-06
264	25	4.87825E-06
267	4	0.000394838
267	5	0.000523301
267	6	0.000639948
267	7	0.000734624
267	8	0.000799309
267	9	0.000829071
267	10	0.000822673
267	11	0.000782642
267	12	0.000714768
267	13	0.000627119
267	14	0.000528764
267	15	0.000428476
267	16	0.000333644
267	17	0.000249579
267	18	0.000179279
267	19	0.000123608
267	20	8.17572E-05
267	21	5.18469E-05
267	22	3.15045E-05
267	23	1.83317E-05
267	24	1.02077E-05
267	25	5.43586E-06
270	4	0.00040255
270	5	0.000534726
270	6	0.000655452
270	7	0.00075431
270	8	0.00082296
270	9	0.000856131
270	10	0.000852265
270	11	0.000813636
270	12	0.000745896
270	13	0.000657112
270	14	0.000556494
270	15	0.000453074
270	16	0.000354572
270	17	0.000266653
270	18	0.00019263
270	19	0.000133608
270	20	8.89298E-05
270	21	5.67695E-05
270	22	3.47356E-05
270	23	2.03588E-05
270	24	1.14226E-05
270	25	6.13091E-06
273	4	0.000411069
273	5	0.000546535
273	6	0.000670724
273	7	0.000773051
273	8	0.000844975
273	9	0.000880996
273	10	0.000879323
273	11	0.000842028
273	12	0.000774619
273	13	0.000685111
273	14	0.000582777
273	15	0.000476811
273	16	0.000375181
273	17	0.000283838
273	18	0.000206383
273	19	0.000144163
273	20	9.66917E-05
273	21	6.22352E-05
273	22	3.84183E-05
273	23	2.27315E-05
273	24	1.28833E-05
273	25	6.98972E-06
276	4	0.000420429
276	5	0.000558783
276	6	0.000685835
276	7	0.00079092
276	8	0.000865401
276	9	0.000903662
276	10	0.000903772
276	11	0.000867653
276	12	0.000800681
276	13	0.000710788
276	14	0.000607236
276	15	0.000499296
276	16	0.000395096
276	17	0.000300808
276	18	0.000220276
276	19	0.000155079
276	20	0.000104915
276	21	6.81691E-05
276	22	4.25167E-05
276	23	2.54389E-05
276	24	1.45929E-05
276	25	8.02072E-06
279	4	0.000430575
279	5	0.000571469
279	6	0.000700852
279	7	0.000808049
279	8	0.000884424
279	9	0.000924338
279	10	0.000925802
279	11	0.000890647
279	12	0.000824136
279	13	0.0007341
279	14	0.000629735
279	15	0.00052032
279	16	0.000414067
279	17	0.000317301
279	18	0.000234067
279	19	0.000166153
279	20	0.000113444
279	21	7.44639E-05
279	22	4.69648E-05
279	23	2.8446E-05
279	24	1.65365E-05
279	25	9.22112E-06
282	4	0.000441426
282	5	0.000584557
282	6	0.000715805
282	7	0.000824547
282	8	0.000902217
282	9	0.000943235
282	10	0.000945629
282	11	0.00091119
282	12	0.000845094
282	13	0.000755062
282	14	0.000650195
282	15	0.000539721
282	16	0.000431871
282	17	0.000333068
282	18	0.000247507
282	19	0.000177163
282	20	0.000122098
282	21	8.09847E-05
282	22	5.16707E-05
282	23	3.16964E-05
282	24	1.86841E-05
282	25	1.05777E-05
285	4	0.000452864
285	5	0.000597975
285	6	0.000730693
285	7	0.000840492
285	8	0.000918937
285	9	0.000960566
285	10	0.000963486
285	11	0.000929495
285	12	0.000863711
285	13	0.000773747
285	14	0.00066859
285	15	0.00055738
285	16	0.000448319
285	17	0.000347873
285	18	0.000260349
285	19	0.000187873
285	20	0.000130675
285	21	8.75707E-05
285	22	5.65167E-05
285	23	3.51111E-05
285	24	2.09869E-05
285	25	1.20635E-05
288	4	0.000464744
288	5	0.000611621
288	6	0.000745488
288	7	0.000855945
288	8	0.000934727
288	9	0.000976542
288	10	0.000979617
288	11	0.000945799
288	12	0.000880177
288	13	0.000790271
288	14	0.000684943
288	15	0.000573225
288	16	0.000463257
288	17	0.000361507
288	18	0.000272355
288	19	0.000198046
288	20	0.000138955
288	21	9.40387E-05
288	22	6.13605E-05
288	23	3.85869E-05
288	24	2.33759E-05
288	25	1.36357E-05
291	4	0.000476891
291	5	0.000625367
291	6	0.000760136
291	7	0.000870945
291	8	0.000949722
291	9	0.000991371
291	10	0.000994275
291	11	0.000960362
291	12	0.000894717
291	13	0.000804786
291	14	0.000699318
291	15	0.000587225
291	16	0.000476567
291	17	0.000373785
291	18	0.000283298
291	19	0.000207442
291	20	0.000146713
291	21	0.000100188
291	22	6.6038E-05
291	23	4.19986E-05
291	24	2.57613E-05
291	25	1.52339E-05
294	4	0.000489097
294	5	0.000639057
294	6	0.000774567
294	7	0.000885522
294	8	0.000964048
294	9	0.001005262
294	10	0.001007719
294	11	0.000973452
294	12	0.000907572
294	13	0.000817474
294	14	0.00071181
294	15	0.000599382
294	16	0.000488161
294	17	0.000384546
294	18	0.000292969
294	19	0.000215829
294	20	0.000153714
294	21	0.000105807
294	22	7.03682E-05
294	23	4.52016E-05
294	24	2.80344E-05
294	25	1.67813E-05
297	4	0.000501132
297	5	0.000652517
297	6	0.000788696
297	7	0.000899694
297	8	0.00097783
297	9	0.001018425
297	10	0.001020213
297	11	0.000985352
297	12	0.000919001
297	13	0.000828536
297	14	0.000722539
297	15	0.000609723
297	16	0.000497976
297	17	0.000393651
297	18	0.000301175
297	19	0.000222982
297	20	0.000159729
297	21	0.000110676
297	22	7.41585E-05
297	23	4.80369E-05
297	24	3.00714E-05
297	25	1.81866E-05
300	4	0.000512737
300	5	0.000665557
300	6	0.000802428
300	7	0.00091348
300	8	0.000991193
300	9	0.001031072
300	10	0.001032026
300	11	0.000996346
300	12	0.000929267
300	13	0.000838181
300	14	0.000731636
300	15	0.000618288
300	16	0.000505966
300	17	0.000400976
300	18	0.000307732
300	19	0.000228685
300	20	0.000164528
300	21	0.000114575
300	22	7.72111E-05
300	23	5.03372E-05
300	24	3.17388E-05
300	25	1.93485E-05
303	4	0.000523845
303	5	0.000678196
303	6	0.000815884
303	7	0.000927092
303	8	0.001004418
303	9	0.001043521
303	10	0.001043472
303	11	0.001006708
303	12	0.000938569
303	13	0.00084651
303	14	0.000739097
303	15	0.000624973
303	16	0.000511936
303	17	0.000406262
303	18	0.000312342
303	19	0.000232623
303	20	0.000167807
303	21	0.000117225
303	22	7.92831E-05
303	23	5.19022E-05
303	24	3.28787E-05
303	25	2.01484E-05
306	4	0.000534544
306	5	0.000690535
306	6	0.00082916
306	7	0.000940608
306	8	0.001017554
306	9	0.001055784
306	10	0.001054526
306	11	0.001016378
306	12	0.000946823
306	13	0.000853424
306	14	0.000744817
306	15	0.000629671
306	16	0.000515784
306	17	0.000409411
306	18	0.000314916
306	19	0.000234714
306	20	0.000169488
306	21	0.000118554
306	22	8.03123E-05
306	23	5.2678E-05
306	24	3.34461E-05
306	25	2.05499E-05
309	4	0.000544806
309	5	0.000702494
309	6	0.000842119
309	7	0.000953838
309	8	0.001030368
309	9	0.001067605
309	10	0.001064936
309	11	0.001025134
309	12	0.000953857
309	13	0.000858817
309	14	0.000748758
309	15	0.000632412
309	16	0.000517595
309	17	0.000410548
309	18	0.000315594
309	19	0.000235103
309	20	0.000169707
309	21	0.000118681
309	22	8.03926E-05
309	23	5.27354E-05
309	24	3.34913E-05
309	25	2.05868E-05
312	4	0.000554604
312	5	0.000713992
312	6	0.000854618
312	7	0.000966578
312	8	0.001042611
312	9	0.001078714
312	10	0.001074431
312	11	0.001032733
312	12	0.00095948
312	13	0.000862565
312	14	0.000750871
312	15	0.000633217
312	16	0.000517451
312	17	0.000409798
312	18	0.000314531
312	19	0.000233952
312	20	0.00016862
312	21	0.000117744
312	22	7.96405E-05
312	23	5.21669E-05
312	24	3.30839E-05
312	25	2.03088E-05
315	4	0.000563908
315	5	0.000724938
315	6	0.000866499
315	7	0.00097861
315	8	0.001054018
315	9	0.001088818
315	10	0.001082724
315	11	0.001038918
315	12	0.000963489
315	13	0.000864535
315	14	0.000751101
315	15	0.000632109
315	16	0.00051544
315	17	0.000407298
315	18	0.000311892
315	19	0.000231437
315	20	0.000166397
315	21	0.000115899
315	22	7.81888E-05
315	23	5.10797E-05
315	24	3.23061E-05
315	25	1.97761E-05
318	4	0.000572684
318	5	0.000735231
318	6	0.000877589
318	7	0.000989693
318	8	0.001064299
318	9	0.001097605
318	10	0.001089506
318	11	0.001043418
318	12	0.000965673
318	13	0.000864595
318	14	0.000749402
318	15	0.000629119
318	16	0.000511661
318	17	0.000403198
318	18	0.000307859
318	19	0.000227751
318	20	0.000163227
318	21	0.000113314
318	22	7.61811E-05
318	23	4.95895E-05
318	24	3.12468E-05
318	25	1.90538E-05
321	4	0.000580887
321	5	0.000744752
321	6	0.000887693
321	7	0.000999564
321	8	0.001073142
321	9	0.001104742
321	10	0.001094459
321	11	0.001045956
321	12	0.000965824
321	13	0.000862621
321	14	0.000745738
321	15	0.000624299
321	16	0.000506236
321	17	0.000397671
321	18	0.000302631
321	19	0.0002231
321	20	0.000159306
321	21	0.000110166
321	22	7.37659E-05
321	23	4.7815E-05
321	24	2.99964E-05
321	25	1.82079E-05
324	4	0.00058846
324	5	0.000753365
324	6	0.000896592
324	7	0.001007934
324	8	0.001080211
324	9	0.001109879
324	10	0.001097251
324	11	0.001046253
324	12	0.000963742
324	13	0.000858504
324	14	0.000740096
324	15	0.000617721
324	16	0.000499308
324	17	0.000390905
324	18	0.000296422
324	19	0.000217702
324	20	0.000154839
324	21	0.000106633
324	22	7.10914E-05
324	23	4.58731E-05
324	24	2.86426E-05
324	25	1.73009E-05
327	4	0.00059533
327	5	0.000760912
327	6	0.000904043
327	7	0.001014489
327	8	0.001085149
327	9	0.00111265
327	10	0.001097546
327	11	0.001044035
327	12	0.000959238
327	13	0.000852158
327	14	0.000732489
327	15	0.000609486
327	16	0.000491044
327	17	0.000383112
327	18	0.000289461
327	19	0.000211783
327	20	0.00015003
327	21	0.000102893
327	22	6.83012E-05
327	23	4.38745E-05
327	24	2.72668E-05
327	25	1.63902E-05
330	4	0.000601408
330	5	0.000767213
330	6	0.000909778
330	7	0.001018894
330	8	0.001087583
330	9	0.001112682
330	10	0.001095009
330	11	0.00103904
330	12	0.000952149
330	13	0.000843523
330	14	0.000722959
330	15	0.000599721
330	16	0.000481634
330	17	0.000374517
330	18	0.000281985
330	19	0.000205568
330	20	0.000145083
330	21	9.91148E-05
330	22	6.55302E-05
330	23	4.19211E-05
330	24	2.59423E-05
330	25	1.5526E-05
333	4	0.00060661
333	5	0.000772117
333	6	0.000913586
333	7	0.001020898
333	8	0.001087252
333	9	0.001109739
333	10	0.001089459
333	11	0.001031166
333	12	0.000942459
333	13	0.000832673
333	14	0.000711657
333	15	0.000588635
333	16	0.000471321
333	17	0.000365376
333	18	0.000274238
333	19	0.000199279
333	20	0.000140183
333	21	9.54481E-05
333	22	6.28921E-05
333	23	4.00951E-05
333	24	2.4726E-05
333	25	1.47461E-05
336	4	0.000610931
336	5	0.00077566
336	6	0.000915566
336	7	0.001020673
336	8	0.001084414
336	9	0.001104159
336	10	0.001081309
336	11	0.001020881
336	12	0.000930672
336	13	0.000820119
336	14	0.000699075
336	15	0.000576681
336	16	0.000460501
336	17	0.000356015
336	18	0.000266481
336	19	0.000193111
336	20	0.000135472
336	21	9.19889E-05
336	22	6.04487E-05
336	23	3.84342E-05
336	24	2.36392E-05
336	25	1.40614E-05
339	4	0.000614402
339	5	0.000777947
339	6	0.000915914
339	7	0.001018524
339	8	0.001079478
339	9	0.001096451
339	10	0.00107114
339	11	0.001008812
339	12	0.000917423
339	13	0.000806473
339	14	0.000685775
339	15	0.000564347
339	16	0.000449578
339	17	0.000346756
339	18	0.000258954
339	19	0.000187236
339	20	0.000131065
339	21	8.88101E-05
339	22	5.82427E-05
339	23	3.69609E-05
339	24	2.26921E-05
339	25	1.34754E-05
342	4	0.000617069
342	5	0.000779106
342	6	0.000914861
342	7	0.00101479
342	8	0.001072888
342	9	0.001087147
342	10	0.001059552
342	11	0.000995589
342	12	0.000903344
342	13	0.000792335
342	14	0.000672297
342	15	0.000552097
342	16	0.000438934
342	17	0.000337894
342	18	0.000251876
342	19	0.000181807
342	20	0.000127063
342	21	8.59735E-05
342	22	5.63092E-05
342	23	3.56933E-05
342	24	2.18928E-05
342	25	1.29906E-05
345	4	0.000619
345	5	0.000779294
345	6	0.000912668
345	7	0.001009841
345	8	0.001065119
345	9	0.001076806
345	10	0.001047157
345	11	0.000981851
345	12	0.00088906
345	13	0.000778286
345	14	0.000659157
345	15	0.000540368
345	16	0.000428917
345	17	0.000329698
345	18	0.000245442
345	19	0.000176957
345	20	0.000123553
345	21	8.35323E-05
345	22	5.46783E-05
345	23	3.46467E-05
345	24	2.1248E-05
345	25	1.26093E-05
348	4	0.000620287
348	5	0.000778697
348	6	0.000909627
348	7	0.00100408
348	8	0.001056671
348	9	0.001066004
348	10	0.001034579
348	11	0.000968231
348	12	0.000875183
348	13	0.00076489
348	14	0.000646847
348	15	0.000529569
348	16	0.000419855
348	17	0.000322414
348	18	0.000239828
348	19	0.000172809
348	20	0.000120613
348	21	8.15341E-05
348	22	5.33769E-05
348	23	3.38352E-05
348	24	2.0764E-05
348	25	1.2334E-05
351	4	0.000621043
351	5	0.000777527
351	6	0.000906063
351	7	0.000997936
351	8	0.001048066
351	9	0.001055331
351	10	0.001022443
351	11	0.000955355
351	12	0.00086231
351	13	0.000752687
351	14	0.000635836
351	15	0.000520088
351	16	0.000412052
351	17	0.00031627
351	18	0.0002352
351	19	0.000169474
351	20	0.000118316
351	21	8.00238E-05
351	22	5.2431E-05
351	23	3.32729E-05
351	24	2.04484E-05
351	25	1.21679E-05
354	4	0.000621404
354	5	0.000776024
354	6	0.00090232
354	7	0.000991859
354	8	0.001039838
354	9	0.001045381
354	10	0.00101137
354	11	0.00094384
354	12	0.000851022
354	13	0.000742199
354	14	0.000626571
354	15	0.00051229
354	16	0.000405795
354	17	0.000311484
354	18	0.000231714
354	19	0.00016706
354	20	0.000116733
354	21	7.90464E-05
354	22	5.18683E-05
354	23	3.29761E-05
354	24	2.03101E-05
354	25	1.21163E-05
357	4	0.000621522
357	5	0.000774442
357	6	0.000898763
357	7	0.00098631
357	8	0.00103253
357	9	0.001036747
357	10	0.001001973
357	11	0.000934289
357	12	0.000841883
357	13	0.00073393
357	14	0.000619482
357	15	0.00050653
357	16	0.000401364
357	17	0.000308267
357	18	0.000229523
357	19	0.000165676
357	20	0.000115938
357	21	7.86511E-05
357	22	5.17201E-05
357	23	3.29643E-05
357	24	2.03611E-05
357	25	1.21862E-05
0	4	0.000621559
0	5	0.000773046
0	6	0.00089576
0	7	0.000981753
0	8	0.001026677
0	9	0.001030012
0	10	0.000994853
0	11	0.000927287
0	12	0.00083544
0	13	0.000728372
0	14	0.000614994
0	15	0.000503158
0	16	0.000399038
0	17	0.000306835
0	18	0.000228789
0	19	0.000165438
0	20	0.000116014
0	21	7.88938E-05
0	22	5.2024E-05
0	23	3.32621E-05
0	24	2.06173E-05
0	25	1.23877E-05
3	4	0.00062165
3	5	0.000772047
3	6	0.000893594
3	7	0.000978532
3	8	0.001022669
3	9	0.001025588
3	10	0.000990422
3	11	0.000923228
3	12	0.00083205
3	13	0.000725834
3	14	0.000613366
3	15	0.000502386
3	16	0.000398984
3	17	0.000307314
3	18	0.000229606
3	19	0.000166415
3	20	0.000117009
3	21	7.98093E-05
3	22	5.28042E-05
3	23	3.38865E-05
3	24	2.10904E-05
3	25	1.27287E-05
6	4	0.00062181
6	5	0.000771432
6	6	0.000892211
6	7	0.000976538
6	8	0.001020333
6	9	0.001023238
6	10	0.000988383
6	11	0.000921769
6	12	0.000831344
6	13	0.000725939
6	14	0.000614231
6	15	0.000503872
6	16	0.0004009
6	17	0.00030945
6	18	0.000231769
6	19	0.000168448
6	20	0.000118806
6	21	8.13141E-05
6	22	5.40041E-05
6	23	3.48006E-05
6	24	2.17574E-05
6	25	1.31957E-05
9	4	0.00062201
9	5	0.000771119
9	6	0.000891457
9	7	0.000975533
9	8	0.001019345
9	9	0.001022555
9	10	0.000988262
9	11	0.000922388
9	12	0.000832777
9	13	0.000728147
9	14	0.000617077
9	15	0.000507153
9	16	0.000404382
9	17	0.000312905
9	18	0.000235006
9	19	0.000171328
9	20	0.00012125
9	21	8.32977E-05
9	22	5.55479E-05
9	23	3.59546E-05
9	24	2.25869E-05
9	25	1.37698E-05
12	4	0.000622212
12	5	0.000771012
12	6	0.000891163
12	7	0.000975267
12	8	0.00101937
12	9	0.001023128
12	10	0.000989585
12	11	0.00092457
12	12	0.000835814
12	13	0.000731928
12	14	0.000621403
12	15	0.000511775
12	16	0.000409035
12	17	0.00031735
12	18	0.00023905
12	19	0.000174848
12	20	0.000124185
12	21	8.56489E-05
12	22	5.73586E-05
12	23	3.72972E-05
12	24	2.3546E-05
12	25	1.44305E-05
15	4	0.000622372
15	5	0.00077101
15	6	0.000891157
15	7	0.000975488
15	8	0.001020075
15	9	0.001024549
15	10	0.000991883
15	11	0.000927804
15	12	0.000839929
15	13	0.000736762
15	14	0.000626718
15	15	0.000517289
15	16	0.000414466
15	17	0.000322451
15	18	0.000243635
15	19	0.000178797
15	20	0.000127454
15	21	8.82516E-05
15	22	5.93546E-05
15	23	3.87727E-05
15	24	2.45983E-05
15	25	1.51548E-05
18	4	0.000622446
18	5	0.000771014
18	6	0.00089127
18	7	0.000975949
18	8	0.001021134
18	9	0.00102642
18	10	0.000994699
18	11	0.000931593
18	12	0.000844605
18	13	0.000742137
18	14	0.000632532
18	15	0.000523248
18	16	0.000420282
18	17	0.000327876
18	18	0.000248482
18	19	0.000182958
18	20	0.000130889
18	21	9.09816E-05
18	22	6.14467E-05
18	23	4.03195E-05
18	24	2.57024E-05
18	25	1.5916E-05
21	4	0.000622393
21	5	0.000770926
21	6	0.000891336
21	7	0.000976408
21	8	0.001022229
21	9	0.001028351
21	10	0.000997585
21	11	0.000935448
21	12	0.000849332
21	13	0.000747545
21	14	0.000638359
21	15	0.000529203
21	16	0.000426082
21	17	0.000333279
21	18	0.000253309
21	19	0.0001871
21	20	0.00013431
21	21	9.37051E-05
21	22	6.35374E-05
21	23	4.18687E-05
21	24	2.68111E-05
21	25	1.66828E-05
24	4	0.000622177
24	5	0.000770656
24	6	0.000891199
24	7	0.000976635
24	8	0.001023053
24	9	0.001029964
24	10	0.001000104
24	11	0.00093889
24	12	0.00085361
24	13	0.000752482
24	14	0.000643713
24	15	0.000534702
24	16	0.000431462
24	17	0.000338309
24	18	0.000257819
24	19	0.000190985
24	20	0.000137531
24	21	9.6278E-05
24	22	6.55201E-05
24	23	4.33438E-05
24	24	2.78713E-05
24	25	1.74193E-05
27	4	0.000621762
27	5	0.000770118
27	6	0.000890708
27	7	0.000976406
27	8	0.001023308
27	9	0.001030893
27	10	0.00100183
27	11	0.00094145
27	12	0.000856946
27	13	0.00075645
27	14	0.000648111
27	15	0.000539293
27	16	0.000436011
27	17	0.000342608
27	18	0.000261709
27	19	0.000194363
27	20	0.000140352
27	21	9.85471E-05
27	22	6.72802E-05
27	23	4.46616E-05
27	24	2.88244E-05
27	25	1.80855E-05
30	4	0.000621118
30	5	0.000769229
30	6	0.000889717
30	7	0.000975504
30	8	0.001022704
30	9	0.001030778
30	10	0.001002346
30	11	0.000942665
30	12	0.00085885
30	13	0.000758955
30	14	0.000651069
30	15	0.000542521
30	16	0.000439315
30	17	0.000345812
30	18	0.000264668
30	19	0.000196977
30	20	0.000142568
30	21	0.000100353
30	22	6.86972E-05
30	23	4.57339E-05
30	24	2.96076E-05
30	25	1.86381E-05
33	4	0.000620212
33	5	0.000767908
33	6	0.00088808
33	7	0.000973712
33	8	0.001020951
33	9	0.00102926
33	10	0.001001231
33	11	0.000942072
33	12	0.000858831
33	13	0.000759497
33	14	0.0006521
33	15	0.000543925
33	16	0.000440956
33	17	0.00034755
33	18	0.000266379
33	19	0.000198565
33	20	0.000143966
33	21	0.000101529
33	22	6.96456E-05
33	23	4.64683E-05
33	24	3.01549E-05
33	25	1.90313E-05
36	4	0.000619023
36	5	0.000766077
36	6	0.000885654
36	7	0.000970811
36	8	0.00101775
36	9	0.001025964
36	10	0.000998047
36	11	0.000939182
36	12	0.000856372
36	13	0.000757551
36	14	0.000650687
36	15	0.000543019
36	16	0.000440488
36	17	0.000347429
36	18	0.000266506
36	19	0.000198846
36	20	0.000144323
36	21	0.000101902
36	22	6.99926E-05
36	23	4.6767E-05
36	24	3.03965E-05
36	25	1.92165E-05
39	4	0.000617518
39	5	0.00076365
39	6	0.000882281
39	7	0.000966564
39	8	0.001012786
39	9	0.001020501
39	10	0.000992342
39	11	0.000933497
39	12	0.000850948
39	13	0.000752583
39	14	0.000646316
39	15	0.000539317
39	16	0.000437471
39	17	0.000345063
39	18	0.000264721
39	19	0.000197552
39	20	0.000143423
39	21	0.000101302
39	22	6.96114E-05
39	23	4.65372E-05
39	24	3.02661E-05
39	25	1.9148E-05
42	4	0.000615644
42	5	0.000760511
42	6	0.000877774
42	7	0.000960707
42	8	0.001005715
42	9	0.001012457
42	10	0.000983644
42	11	0.000924505
42	12	0.000842027
42	13	0.000744068
42	14	0.000638478
42	15	0.000532352
42	16	0.000431488
42	17	0.000340091
42	18	0.000260721
42	19	0.000194436
42	20	0.000141071
42	21	9.95812E-05
42	22	6.83916E-05
42	23	4.56989E-05
42	24	2.97077E-05
42	25	1.87874E-05
45	4	0.000613318
45	5	0.000756509
45	6	0.000871905
45	7	0.000952929
45	8	0.000996148
45	9	0.001001376
45	10	0.000971446
45	11	0.000911671
45	12	0.00082907
45	13	0.000731479
45	14	0.000626684
45	15	0.000521681
45	16	0.000422152
45	17	0.000332187
45	18	0.000254241
45	19	0.000189288
45	20	0.000137106
45	21	9.66211E-05
45	22	6.62478E-05
45	23	4.41927E-05
45	24	2.8681E-05
45	25	1.81083E-05
48	4	0.00061041
48	5	0.000751439
48	6	0.00086438
48	7	0.000942853
48	8	0.000983635
48	9	0.000986747
48	10	0.000955201
48	11	0.000894435
48	12	0.000811525
48	13	0.000714299
48	14	0.000610465
48	15	0.000506897
48	16	0.000409125
48	17	0.000321079
48	18	0.00024507
48	19	0.000181952
48	20	0.000131419
48	21	9.23454E-05
48	22	6.31302E-05
48	23	4.19875E-05
48	24	2.71674E-05
48	25	1.71003E-05
51	4	0.000606729
51	5	0.000745016
51	6	0.000854824
51	7	0.000930015
51	8	0.000967639
51	9	0.000967985
51	10	0.000934302
51	11	0.000872196
51	12	0.000788829
51	13	0.00069202
51	14	0.000589387
51	15	0.000487645
51	16	0.000392131
51	17	0.000306566
51	18	0.000233071
51	19	0.000172343
51	20	0.00012396
51	21	8.67326E-05
51	22	5.90342E-05
51	23	3.9088E-05
51	24	2.51762E-05
51	25	1.57734E-05
54	4	0.000601999
54	5	0.000736853
54	6	0.000842744
54	7	0.000913833
54	8	0.000947512
54	9	0.00094441
54	10	0.000908071
54	11	0.000844315
54	12	0.000760409
54	13	0.000664159
54	14	0.000563066
54	15	0.000463645
54	16	0.000370983
54	17	0.000288542
54	18	0.000218202
54	19	0.000160461
54	20	0.000114761
54	21	7.98287E-05
54	22	5.40101E-05
54	23	3.55421E-05
54	24	2.27485E-05
54	25	1.41608E-05
57	4	0.000595823
57	5	0.000726423
57	6	0.000827495
57	7	0.000893572
57	8	0.000922467
57	9	0.000915227
57	10	0.000875751
57	11	0.000810113
57	12	0.000725695
57	13	0.000630276
57	14	0.000531196
57	15	0.000434717
57	16	0.000345611
57	17	0.000267023
57	18	0.000200537
57	19	0.00014642
57	20	0.000103948
57	21	7.17581E-05
57	22	4.81705E-05
57	23	3.14449E-05
57	24	1.99604E-05
57	25	1.23203E-05
60	4	0.000587641
60	5	0.00071301
60	6	0.000808231
60	7	0.000868302
60	8	0.000891545
60	9	0.000879505
60	10	0.000836498
60	11	0.000768879
60	12	0.000684142
60	13	0.000590002
60	14	0.000493584
60	15	0.00040082
60	16	0.000316099
60	17	0.000242177
60	18	0.000180297
60	19	0.000130457
60	20	9.17534E-05
60	21	6.27315E-05
60	22	4.16943E-05
60	23	2.69401E-05
60	24	1.6922E-05
60	25	1.03329E-05
63	4	0.000576797
63	5	0.000695837
63	6	0.000784111
63	7	0.00083718
63	8	0.000853972
63	9	0.000836606
63	10	0.000789861
63	11	0.000720381
63	12	0.000635746
63	13	0.000543548
63	14	0.000450617
63	15	0.000362471
63	16	0.000283037
63	17	0.000214621
63	18	0.000158078
63	19	0.000113116
63	20	7.8647E-05
63	21	5.31355E-05
63	22	3.48862E-05
63	23	2.22585E-05
63	24	1.38011E-05
63	25	8.31568E-06
66	4	0.000563007
66	5	0.000674759
66	6	0.000755217
66	7	0.000800591
66	8	0.000810487
66	9	0.000787642
66	10	0.000737311
66	11	0.000666401
66	12	0.000582517
66	13	0.000493054
66	14	0.000404459
66	15	0.000321762
66	16	0.000248362
66	17	0.000186073
66	18	0.000135346
66	19	9.5599E-05
66	20	6.55797E-05
66	21	4.36951E-05
66	22	2.82794E-05
66	23	1.77785E-05
66	24	1.0857E-05
66	25	6.44036E-06
69	4	0.000546288
69	5	0.000650048
69	6	0.000722159
69	7	0.000759539
69	8	0.000762511
69	9	0.000734437
69	10	0.000681014
69	11	0.000609357
69	12	0.000527018
69	13	0.000441103
69	14	0.000357603
69	15	0.000280993
69	16	0.00021411
69	17	0.000158266
69	18	0.000113518
69	19	7.90238E-05
69	20	5.33988E-05
69	21	3.50292E-05
69	22	2.23091E-05
69	23	1.37946E-05
69	24	8.2816E-06
69	25	4.82726E-06
72	4	0.000526987
72	5	0.000622374
72	6	0.000685984
72	7	0.000715473
72	8	0.00071188
72	9	0.000679159
72	10	0.000623389
72	11	0.000551806
72	12	0.000471819
72	13	0.000390168
72	14	0.000312321
72	15	0.000242167
72	16	0.000181974
72	17	0.000132571
72	18	9.36607E-05
72	19	6.41843E-05
72	20	4.26707E-05
72	21	2.7524E-05
72	22	1.72269E-05
72	23	1.04626E-05
72	24	6.16623E-06
72	25	3.52657E-06
75	4	0.000505898
75	5	0.000592923
75	6	0.000648282
75	7	0.000670363
75	8	0.000660884
75	9	0.000624324
75	10	0.00056706
75	11	0.000496358
75	12	0.000419401
75	13	0.000342499
75	14	0.000270566
75	15	0.000206901
75	16	0.000153233
75	17	0.000109953
75	18	7.6464E-05
75	19	5.15464E-05
75	20	3.36902E-05
75	21	2.13514E-05
75	22	1.31222E-05
75	23	7.82118E-06
75	24	4.52102E-06
75	25	2.5346E-06
78	4	0.000484357
78	5	0.000563471
78	6	0.000611232
78	7	0.000626713
78	8	0.000612239
78	9	0.000572732
78	10	0.000514773
78	11	0.000445581
78	12	0.000372051
78	13	0.000300036
78	14	0.0002339
78	15	0.000176387
78	16	0.00012874
78	17	9.09776E-05
78	18	6.22684E-05
78	19	4.1287E-05
78	20	2.65245E-05
78	21	1.6513E-05
78	22	9.96316E-06
78	23	5.82622E-06
78	24	3.30232E-06
78	25	1.81428E-06
81	4	0.00046427
81	5	0.000536399
81	6	0.000577588
81	7	0.000587512
81	8	0.000569015
81	9	0.00052737
81	10	0.000469292
81	11	0.000401898
81	12	0.000331783
81	13	0.000264355
81	14	0.000203474
81	15	0.000151397
81	16	0.000108954
81	17	7.58679E-05
81	18	5.11328E-05
81	19	3.33636E-05
81	20	2.10793E-05
81	21	1.28978E-05
81	22	7.64352E-06
81	23	4.38759E-06
81	24	2.43971E-06
81	25	1.31415E-06
84	4	0.000448064
84	5	0.000514618
84	6	0.00055058
84	7	0.000556123
84	8	0.000534513
84	9	0.000491304
84	10	0.000433305
84	11	0.000367532
84	12	0.000300315
84	13	0.000236684
84	14	0.00018008
84	15	0.000132363
84	16	9.40385E-05
84	17	6.46039E-05
84	18	4.29304E-05
84	19	2.76014E-05
84	20	1.71728E-05
84	21	1.03409E-05
84	22	6.02748E-06
84	23	3.401E-06
84	24	1.8578E-06
84	25	9.82503E-07
87	4	0.000438517
87	5	0.000501375
87	6	0.000533726
87	7	0.000536111
87	8	0.000512133
87	9	0.000467587
87	10	0.000409392
87	11	0.000344523
87	12	0.000279138
87	13	0.000218008
87	14	0.000164277
87	15	0.000119517
87	16	8.39979E-05
87	17	5.70517E-05
87	18	3.74602E-05
87	19	2.3784E-05
87	20	1.46047E-05
87	21	8.67494E-06
87	22	4.98485E-06
87	23	2.77135E-06
87	24	1.49077E-06
87	25	7.75945E-07
